7

4
0 10 15 20
10 0 35 25
15 35 0 30
20 25 30 0

6
0 10 15 20 25 30
10 0 35 25 15 40
15 35 0 30 20 50
20 25 30 0 10 35
25 15 20 10 0 25
30 40 50 35 25 0

8
0 10 15 20 25 30 35 40
10 0 18 25 30 35 40 45
15 18 0 22 28 33 38 43
20 25 22 0 26 31 36 41
25 30 28 26 0 29 34 39
30 35 33 31 29 0 32 37
35 40 38 36 34 32 0 35
40 45 43 41 39 37 35 0

10
0 10 15 20 25 30 35 40 45 50
10 0 20 25 30 35 40 45 50 55
15 20 0 15 20 25 30 35 40 45
20 25 15 0 18 23 28 33 38 43
25 30 20 18 0 20 25 30 35 40
30 35 25 23 20 0 15 20 25 30
35 40 30 28 25 15 0 12 20 25
40 45 35 33 30 20 12 0 15 20
45 50 40 38 35 25 20 15 0 10
50 55 45 43 40 30 25 20 10 0

12
0 11 18 23 26 31 29 24 28 30 35 40
11 0 25 27 32 19 22 26 24 28 33 38
18 25 0 14 29 18 20 23 27 31 32 37
23 27 14 0 22 16 19 24 28 32 33 38
26 32 29 22 0 27 25 29 33 19 40 45
31 19 18 16 27 0 24 20 25 21 30 35
29 22 20 19 25 24 0 18 26 23 28 33
24 26 23 24 29 20 18 0 27 24 29 34
28 24 27 28 33 25 26 27 0 26 25 30
30 28 31 32 19 21 23 22 26 0 22 27
35 33 32 33 40 30 28 29 25 22 0 25
40 38 37 38 45 35 33 34 30 27 25 0
